0 1013
1 1000
2 1018
3 1033
4 1001
5 1015
6 980
7 1015
8 1005
9 997
10 1012
11 1010
12 972
13 1023
14 1013
15 988
16 997
17 1004
18 1032
19 1025
20 1000
21 1005
22 998
23 1018
24 1007
25 1020
26 1013
27 1033
28 989
29 994
30 1006
31 1029
32 1007
33 999
34 1021
35 1011
36 987
37 996
38 1002
39 1009
40 1000
41 1000
42 1000
43 1005
44 1015
45 1010
46 1018
47 1018
48 995
49 1002
50 1017
51 1023
52 999
53 1004
54 1005
55 997
56 1008
57 1036
58 1004
59 997
60 1017
61 1026
62 992
63 1022
64 1009
65 1001
66 1015
67 998
68 1003
69 1013
70 1013
71 984
72 1003
73 1028
74 981
75 1025
76 1018
77 1022
78 1000
79 1021
80 1013
81 1001
82 997
83 994
84 1033
85 1015
86 1019
87 1009
88 1001
89 991
90 1018
91 1034
92 1015
93 1015
94 1018
95 1017
96 993
97 994
98 1026
99 1027
100 1029
101 1003
102 987
103 1005
104 1008
105 1007
106 1004
107 1002
108 1009
109 1004
110 1006
111 1028
112 1023
113 991
114 1016
115 1013
116 1016
117 1006
118 1010
119 1008
120 1015
121 1026
122 987
123 1029
124 1016
125 1028
126 1031
127 1008
128 1033
129 1018
130 1002
131 988
132 1028
133 997
134 991
135 1001
136 1012
137 1014
138 1003
139 994
140 1011
141 1016
142 1009
143 1012
144 1023
145 1006
146 1002
147 1015
148 1002
149 1024
150 1009
151 1005
152 998
153 993
154 1010
155 1019
156 999
157 981
158 1053
159 1009
160 994
161 1026
162 1009
163 1007
164 1023
165 1007
166 1015
167 1007
168 1006
169 1028
170 1016
171 1006
172 994
173 1039
174 1002
175 996
176 1011
177 1029
178 1018
179 1023
180 1026
181 1034
182 1003
183 1011
184 1016
185 1005
186 1025
187 1010
188 1032
189 1012
190 1017
191 1027
192 1019
193 1012
194 1010
195 1019
196 1008
197 1022
198 1016
199 1031
200 1038
201 1004
202 1015
203 1012
204 1004
205 1013
206 1006
207 1006
208 1018
209 1022
210 1021
211 1001
212 991
213 1011
214 1015
215 1013
216 1033
217 1004
218 1004
219 1012
220 1035
221 991
222 1012
223 1016
224 1012
225 998
226 1008
227 1006
228 1006
229 998
230 991
231 1036
232 1023
233 1007
234 1005
235 1026
236 994
237 1006
238 1010
239 1011
240 1001
241 1017
242 1019
243 1003
244 996
245 1011
246 1019
247 1026
248 1024
249 990
250 976
251 1010
252 1029
253 1042
254 1029
255 1020
256 1005
257 1021
258 993
259 1003
260 1016
261 1017
262 1011
263 999
264 1032
265 1018
266 1005
267 1000
268 1008
269 998
270 1015
271 1021
272 1014
273 1034
274 995
275 1026
276 1019
277 989
278 991
279 996
280 1017
281 1014
282 1005
283 1016
284 1024
285 1015
286 1009
287 1005
288 998
289 1000
290 1034
291 979
292 1015
293 1029
294 1012
295 1009
296 1014
297 1000
298 1005
299 990
300 1013
301 999
302 1000
303 1013
304 989
305 1001
306 1006
307 982
308 997
309 981
310 1017
311 993
312 1023
313 1005
314 1023
315 1027
316 1003
317 1010
318 979
319 1004
320 1028
321 1000
322 997
323 998
324 1002
325 1016
326 986
327 1029
328 1003
329 1023
330 1004
331 1011
332 1007
333 1016
334 994
335 1008
336 1014
337 996
338 990
339 1005
340 1020
341 1031
342 1002
343 1003
344 1005
345 1014
346 998
347 985
348 1020
349 999
350 995
351 1013
352 1017
353 996
354 1012
355 972
356 1029
357 995
358 1010
359 1002
360 994
361 1011
362 1020
363 1029
364 999
365 1011
366 1014
367 1004
368 1013
369 1016
370 1018
371 993
372 994
373 1005
374 1002
375 1011
376 1005
377 1033
378 1009
379 983
380 1014
381 1023
382 985
383 1025
384 1030
385 1015
386 1020
387 999
388 1003
389 1015
390 1038
391 998
392 1010
393 996
394 1010
395 999
396 991
397 997
398 1016
399 1007
400 990
401 1006
402 1015
403 994
404 1018
405 999
406 1021
407 1014
408 1005
409 1005
410 988
411 1007
412 1017
413 1001
414 1033
415 1018
416 1012
417 993
418 991
419 1015
420 1003
421 1016
422 1019
423 1002
424 1016
425 1004
426 1008
427 1008
428 999
429 1016
430 1038
431 988
432 1018
433 994
434 988
435 1025
436 1026
437 1039
438 1029
439 1020
440 1009
441 1003
442 1030
443 1039
444 1004
445 997
446 1008
447 1007
448 1014
449 1016
450 1023
451 1008
452 1018
453 1007
454 1050
455 1004
456 1012
457 1011
458 1016
459 1011
460 1020
461 1002
462 1006
463 1002
464 1010
465 1006
466 1027
467 1007
468 1019
469 987
470 991
471 1008
472 1008
473 1002
474 982
475 1024
476 1010
477 982
478 1023
479 997
480 1016
481 1019
482 999
483 978
484 997
485 986
486 1020
487 1016
488 997
489 1029
490 1029
491 1000
492 1004
493 1003
494 1011
495 1017
496 1010
497 1036
498 1012
499 1004
500 1011
501 1007
502 1002
503 1004
504 994
505 1010
506 1022
507 1001
508 1034
509 1021
510 1003
511 1005
512 1009
513 1009
514 1009
515 994
516 1011
517 1017
518 997
519 1007
520 965
521 1002
522 1003
523 983
524 1010
525 1027
526 1041
527 1012
528 994
529 995
530 1012
531 1007
532 1010
533 1019
534 1016
535 998
536 992
537 1015
538 1018
539 1004
540 1011
541 1016
542 1044
543 999
544 1020
545 1030
546 1008
547 1028
548 1002
549 978
550 997
551 1026
552 988
553 1021
554 1013
555 1015
556 1007
557 1000
558 1015
559 1011
560 1004
561 1024
562 984
563 1010
564 992
565 1004
566 996
567 1002
568 999
569 1008
570 1016
571 1014
572 1009
573 992
574 1022
575 1000
576 1011
577 999
578 982
579 1005
580 1004
581 1008
582 992
583 1003
584 983
585 1018
586 1004
587 976
588 998
589 1014
590 999
591 1008
592 986
593 1013
594 1017
595 1008
596 1000
597 1017
598 999
599 1013
600 1002
601 1022
602 1011
603 1010
604 989
605 1007
606 959
607 1006
608 991
609 1011
610 964
611 1006
612 1027
613 994
614 1008
615 1022
616 1001
617 1006
618 1001
619 992
620 1015
621 1005
622 1011
623 1017
624 990
625 996
626 999
627 1008
628 997
629 1011
630 1020
631 972
632 1014
633 997
634 1008
635 982
636 998
637 993
638 1007
639 986
640 1027
641 1017
642 1029
643 984
644 1015
645 994
646 1015
647 1007
648 1002
649 1022
650 1009
651 1008
652 1000
653 1009
654 1021
655 997
656 1004
657 1008
658 975
659 977
660 1001
661 996
662 1002
663 1010
664 995
665 1035
666 1002
667 983
668 979
669 1012
670 1016
671 997
672 998
673 1002
674 1010
675 1004
676 1017
677 1017
678 989
679 1009
680 1026
681 1025
682 997
683 1003
684 999
685 991
686 1011
687 1017
688 1008
689 996
690 1036
691 1006
692 1031
693 1018
694 1010
695 1002
696 1015
697 1006
698 1011
699 1011
700 1021
701 1004
702 1015
703 1016
704 1000
705 1021
706 1014
707 982
708 996
709 1002
710 1015
711 991
712 1005
713 1034
714 1011
715 1018
716 996
717 1017
718 1017
719 988
720 1001
721 1004
722 995
723 1007
724 1012
725 993
726 980
727 1022
728 990
729 1022
730 997
731 1008
732 993
733 1011
734 1015
735 1005
736 1024
737 1023
738 986
739 1002
740 1007
741 1012
742 1012
743 1005
744 1015
745 1014
746 992
747 998
748 1011
749 990
750 1011
751 994
752 999
753 1002
754 1015
755 1006
756 1011
757 1016
758 1031
759 1004
760 1031
761 1006
762 1023
763 1014
764 1003
765 1005
766 1035
767 966
768 999
769 1034
770 1003
771 1004
772 1029
773 1012
774 1019
775 988
776 1008
777 1009
778 988
779 998
780 998
781 998
782 987
783 1002
784 1001
785 1015
786 969
787 1002
788 1005
789 985
790 990
791 1001
792 1005
793 1003
794 991
795 1023
796 1027
797 1013
798 1012
799 998
800 1008
801 1006
802 1015
803 990
804 997
805 972
806 1015
807 1016
808 991
809 983
810 1002
811 1020
812 988
813 992
814 1016
815 989
816 998
817 1010
818 1008
819 990
820 1011
821 1017
822 989
823 1026
824 1017
825 1006
826 995
827 1031
828 1025
829 1013
830 1015
831 1012
832 1018
833 1011
834 1019
835 1010
836 992
837 989
838 1002
839 1026
840 1013
841 996
842 989
843 1013
844 1015
845 1025
846 980
847 1003
848 1005
849 1006
850 995
851 1002
852 968
853 997
854 1007
855 1016
856 1007
857 1012
858 987
859 1002
860 1016
861 990
862 984
863 1014
864 1015
865 1000
866 987
867 1008
868 1025
869 996
870 1008
871 998
872 988
873 1019
874 1014
875 1010
876 993
877 992
878 1018
879 1019
880 1003
881 1009
882 996
883 1001
884 990
885 986
886 1013
887 996
888 1025
889 1011
890 997
891 999
892 1028
893 1039
894 1016
895 1007
896 1020
897 1010
898 1018
899 998
900 1020
901 1010
902 1003
903 991
904 995
905 1014
906 987
907 998
908 1004
909 978
910 979
911 986
912 1017
913 994
914 1015
915 1002
916 1015
917 991
918 1019
919 1014
920 981
921 1002
922 1006
923 1032
924 1029
925 1015
926 981
927 1009
928 1000
929 1029
930 1002
931 1013
932 1021
933 982
934 983
935 1013
936 1001
937 987
938 981
939 992
940 1005
941 973
942 1022
943 1005
944 1036
945 961
946 983
947 1033
948 985
949 1000
950 1003
951 1004
952 987
953 1029
954 1012
955 1024
956 1002
957 980
958 1003
959 1016
960 1000
961 977
962 998
963 1000
964 1026
965 1004
966 1009
967 999
968 1006
969 989
970 1016
971 983
972 1026
973 973
974 971
975 994
976 1012
977 983
978 1023
979 1008
980 999
981 1022
982 1004
983 1006
984 1010
985 1036
986 1011
987 1010
988 1001
989 1001
990 982
991 1004
992 991
993 981
994 1003
995 1017
996 1012
997 1024
998 1001
999 1004
1000 1013
1001 1016
1002 980
1003 1021
1004 1020
1005 1009
1006 1008
1007 1012
1008 1009
1009 992
1010 993
1011 990
1012 992
1013 1005
1014 1006
1015 991
1016 999
1017 998
1018 993
1019 975
1020 992
1021 1008
1022 1029
1023 1005
1024 984
1025 1004
1026 1012
1027 989
1028 1005
1029 992
1030 1016
1031 980
1032 985
1033 999
1034 1016
1035 1012
1036 996
1037 995
1038 1014
1039 1000
1040 1010
1041 1016
1042 1006
1043 989
1044 1046
1045 1025
1046 1008
1047 1013
1048 1005
1049 1017
1050 981
1051 1024
1052 997
1053 1029
1054 985
1055 995
1056 1012
1057 989
1058 1011
1059 991
1060 1006
1061 1012
1062 985
1063 1018
1064 998
1065 995
1066 1014
1067 1003
1068 1009
1069 1007
1070 1024
1071 997
1072 1008
1073 1013
1074 1000
1075 1004
1076 993
1077 990
1078 1005
1079 1024
1080 1000
1081 1003
1082 983
1083 1007
1084 1026
1085 992
1086 1006
1087 1002
1088 1008
1089 985
1090 1002
1091 973
1092 1011
1093 1000
1094 991
1095 1001
1096 1001
1097 1004
1098 980
1099 998
1100 981
1101 1021
1102 1010
1103 990
1104 991
1105 1007
1106 1005
1107 999
1108 1025
1109 1024
1110 1012
1111 999
1112 988
1113 1001
1114 1006
1115 998
1116 998
1117 1014
1118 1049
1119 1023
1120 1001
1121 1007
1122 1009
1123 1009
1124 1012
1125 1023
1126 990
1127 1017
1128 1031
1129 988
1130 1002
1131 997
1132 1027
1133 998
1134 1024
1135 1001
1136 1025
1137 1018
1138 1007
1139 1060
1140 1011
1141 1025
1142 971
1143 1030
1144 1002
1145 992
1146 1011
1147 1010
1148 1003
1149 997
1150 1012
1151 990
1152 1003
1153 982
1154 991
1155 1000
1156 1017
1157 1014
1158 1011
1159 982
1160 1026
1161 1029
1162 1005
1163 1014
1164 1019
1165 997
1166 1007
1167 1039
1168 1001
1169 1020
1170 1011
1171 1014
1172 1026
1173 1017
1174 1030
1175 1046
1176 1013
1177 991
1178 1035
1179 1021
1180 1031
1181 1011
1182 1008
1183 1022
1184 1031
1185 1024
1186 1046
1187 1036
1188 1061
1189 1056
1190 1076
1191 1039
1192 1064
1193 1055
1194 1066
1195 1082
1196 1084
1197 1080
1198 1112
1199 1117
1200 1165
1201 1152
1202 1172
1203 1220
1204 1221
1205 1249
1206 1324
1207 1328
1208 1416
1209 1471
1210 1589
1211 1686
1212 1852
1213 2034
1214 2240
1215 2539
1216 2981
1217 3562
1218 4451
1219 5854
1220 8430
1221 12241
1222 17261
1223 20956
1224 23089
1225 23405
1226 23729
1227 25065
1228 25488
1229 22329
1230 16517
1231 10247
1232 5681
1233 3334
1234 2203
1235 1691
1236 1422
1237 1283
1238 1215
1239 1178
1240 1196
1241 1159
1242 1088
1243 1090
1244 1079
1245 1082
1246 1072
1247 1048
1248 1029
1249 1052
1250 1041
1251 1068
1252 1072
1253 1051
1254 1056
1255 1059
1256 1040
1257 1034
1258 1016
1259 1008
1260 1016
1261 1024
1262 1051
1263 1040
1264 1026
1265 1034
1266 1020
1267 1026
1268 1022
1269 1039
1270 995
1271 1040
1272 1025
1273 985
1274 1024
1275 1002
1276 1016
1277 1011
1278 999
1279 998
1280 1015
1281 1052
1282 1010
1283 1008
1284 1015
1285 1012
1286 1018
1287 1033
1288 1028
1289 1000
1290 1020
1291 1011
1292 1025
1293 1026
1294 1006
1295 990
1296 980
1297 999
1298 1017
1299 1031
1300 1017
1301 1042
1302 1008
1303 1027
1304 1020
1305 1003
1306 1039
1307 994
1308 966
1309 1010
1310 1016
1311 1010
1312 981
1313 987
1314 1005
1315 1030
1316 1009
1317 1039
1318 1010
1319 1021
1320 979
1321 967
1322 1010
1323 1015
1324 1023
1325 990
1326 1002
1327 1007
1328 980
1329 1014
1330 993
1331 1013
1332 1014
1333 980
1334 995
1335 1011
1336 1023
1337 983
1338 1014
1339 982
1340 1036
1341 1000
1342 1016
1343 1001
1344 1007
1345 1028
1346 996
1347 1012
1348 1005
1349 1016
1350 994
1351 1004
1352 990
1353 1001
1354 1016
1355 1009
1356 990
1357 1001
1358 1031
1359 992
1360 1001
1361 993
1362 999
1363 1034
1364 998
1365 997
1366 1015
1367 1000
1368 1013
1369 1019
1370 997
1371 1016
1372 998
1373 1021
1374 1026
1375 1003
1376 1004
1377 975
1378 1011
1379 1009
1380 1030
1381 986
1382 1012
1383 990
1384 1031
1385 1015
1386 987
1387 1006
1388 1017
1389 1022
1390 992
1391 996
1392 989
1393 1009
1394 997
1395 988
1396 982
1397 993
1398 1017
1399 1009
1400 1004
1401 1021
1402 997
1403 997
1404 993
1405 1024
1406 1009
1407 1019
1408 993
1409 989
1410 1002
1411 1009
1412 1018
1413 981
1414 1007
1415 977
1416 1001
1417 1013
1418 999
1419 1004
1420 993
1421 1011
1422 989
1423 1008
1424 1004
1425 1033
1426 1004
1427 981
1428 1008
1429 1042
1430 1017
1431 976
1432 997
1433 1012
1434 1007
1435 999
1436 1014
1437 1015
1438 1012
1439 1002
1440 1018
1441 997
1442 1028
1443 996
1444 1029
1445 1013
1446 1007
1447 1004
1448 1028
1449 993
1450 1013
1451 1010
1452 1044
1453 988
1454 987
1455 1013
1456 1007
1457 994
1458 1018
1459 1000
1460 975
1461 1004
1462 993
1463 1009
1464 990
1465 1026
1466 1004
1467 969
1468 1011
1469 985
1470 1001
1471 1006
1472 997
1473 1010
1474 1009
1475 981
1476 1013
1477 1033
1478 1007
1479 1005
1480 1019
1481 1007
1482 1013
1483 1010
1484 1005
1485 986
1486 994
1487 999
1488 1029
1489 1007
1490 981
1491 981
1492 1012
1493 985
1494 996
1495 987
1496 999
1497 1008
1498 1011
1499 1000
1500 990
1501 988
1502 1010
1503 1004
1504 1004
1505 1021
1506 1002
1507 1003
1508 1000
1509 1018
1510 1003
1511 997
1512 1002
1513 1004
1514 995
1515 992
1516 1013
1517 1011
1518 1014
1519 1008
1520 988
1521 995
1522 1022
1523 1047
1524 1001
