0 1045
1 1038
2 1036
3 1040
4 1062
5 1007
6 1019
7 1050
8 1044
9 1069
10 1018
11 1020
12 1073
13 1042
14 1049
15 1035
16 1034
17 1033
18 1051
19 1061
20 1082
21 1043
22 1049
23 1066
24 1031
25 1077
26 1044
27 1039
28 1039
29 1056
30 1059
31 1046
32 1060
33 1040
34 1044
35 1048
36 1093
37 1038
38 1056
39 1072
40 1032
41 1031
42 1051
43 1052
44 1060
45 1056
46 1040
47 1036
48 1050
49 1048
50 1058
51 1044
52 1052
53 1045
54 1060
55 1043
56 1042
57 1004
58 1057
59 1050
60 1044
61 1069
62 1050
63 1051
64 1043
65 1052
66 1015
67 1043
68 1048
69 1036
70 1046
71 1052
72 1038
73 1062
74 1044
75 1031
76 1052
77 1011
78 1047
79 1056
80 1034
81 1064
82 1024
83 1044
84 1032
85 1043
86 1062
87 1042
88 1040
89 1068
90 1060
91 1043
92 1053
93 1060
94 1026
95 1052
96 1056
97 1041
98 1034
99 1039
100 1032
101 1064
102 1041
103 1043
104 1052
105 1034
106 1012
107 1063
108 1046
109 1042
110 1035
111 1046
112 1062
113 1047
114 1049
115 1040
116 1029
117 1077
118 1024
119 1035
120 1054
121 1035
122 1045
123 1050
124 1058
125 1083
126 1036
127 1047
128 1055
129 1051
130 1028
131 1070
132 1028
133 1068
134 1048
135 1060
136 1039
137 1026
138 1038
139 1056
140 1024
141 1050
142 1063
143 1039
144 1062
145 1040
146 1033
147 1050
148 1042
149 1045
150 1020
151 1043
152 1027
153 1073
154 1055
155 1044
156 1030
157 1048
158 1047
159 1042
160 1038
161 1039
162 1054
163 1056
164 1059
165 1047
166 1040
167 1043
168 1038
169 1040
170 1034
171 1052
172 1022
173 1053
174 1054
175 1045
176 1044
177 1027
178 1039
179 1063
180 1063
181 1052
182 1050
183 1052
184 1052
185 1050
186 1040
187 1053
188 1020
189 1060
190 1033
191 1064
192 1065
193 1026
194 1034
195 1075
196 1062
197 1035
198 1037
199 1017
200 1026
201 1023
202 1020
203 1039
204 1045
205 1039
206 1088
207 1048
208 1044
209 1065
210 1030
211 1064
212 1064
213 1040
214 1053
215 1043
216 1058
217 1038
218 1060
219 1049
220 1050
221 1051
222 1037
223 1030
224 1061
225 1025
226 1022
227 1095
228 1035
229 1029
230 1067
231 1045
232 1070
233 1020
234 1045
235 1046
236 1049
237 1043
238 1038
239 1047
240 1063
241 1023
242 1036
243 1051
244 1036
245 1048
246 1058
247 1040
248 1044
249 1034
250 1054
251 1023
252 1068
253 1038
254 1031
255 1055
256 1028
257 1044
258 1037
259 1014
260 1044
261 1046
262 1028
263 1057
264 1047
265 1024
266 1055
267 1036
268 1057
269 1028
270 1064
271 1048
272 1054
273 1035
274 1010
275 1048
276 1032
277 1059
278 1042
279 1055
280 1054
281 1050
282 1036
283 1063
284 1050
285 1017
286 1017
287 1036
288 1042
289 1031
290 1021
291 1039
292 1072
293 1013
294 1070
295 1075
296 1034
297 1054
298 1043
299 1025
300 1034
301 1051
302 1033
303 1048
304 1031
305 1045
306 1024
307 1017
308 1010
309 1070
310 1039
311 1066
312 1061
313 1025
314 1051
315 1036
316 1025
317 1039
318 1031
319 1036
320 1036
321 1055
322 1076
323 1024
324 1040
325 1058
326 1044
327 1052
328 1052
329 1046
330 1039
331 1042
332 1066
333 1044
334 1027
335 1054
336 1065
337 1061
338 1056
339 1064
340 1051
341 1053
342 1039
343 1056
344 1020
345 1048
346 1043
347 1042
348 1048
349 1048
350 1046
351 1046
352 1031
353 1030
354 1044
355 1051
356 1069
357 1044
358 1061
359 1022
360 1050
361 1021
362 1034
363 1041
364 1047
365 1031
366 1045
367 1047
368 1039
369 1058
370 1076
371 1031
372 1052
373 1038
374 1043
375 1040
376 1058
377 1032
378 1035
379 1016
380 1038
381 1063
382 1026
383 1028
384 1036
385 1047
386 1066
387 1061
388 1064
389 1052
390 1044
391 1031
392 1039
393 1040
394 1034
395 1042
396 1044
397 1048
398 1040
399 1047
400 1043
401 1038
402 1026
403 1048
404 1058
405 1034
406 1043
407 1053
408 1058
409 1029
410 1043
411 1038
412 1045
413 1039
414 1043
415 1052
416 1073
417 1021
418 1068
419 1054
420 1038
421 1043
422 1075
423 1042
424 1045
425 1051
426 1036
427 1032
428 1035
429 1039
430 1056
431 1030
432 1018
433 1056
434 1052
435 1012
436 1053
437 1037
438 1062
439 1022
440 1044
441 1047
442 1079
443 1063
444 1053
445 1028
446 1038
447 1056
448 1018
449 1037
450 1056
451 1051
452 1056
453 1061
454 1089
455 1040
456 1022
457 1018
458 1041
459 1041
460 1050
461 1027
462 1041
463 1049
464 1037
465 1063
466 1054
467 1027
468 1025
469 1037
470 1058
471 1055
472 1052
473 1033
474 1053
475 1041
476 1066
477 1056
478 1055
479 1027
480 1045
481 1047
482 1068
483 1030
484 1072
485 1019
486 1050
487 1058
488 1043
489 1038
490 1058
491 1039
492 1045
493 1042
494 1049
495 1047
496 1054
497 1029
498 1051
499 1041
500 1042
501 1041
502 1049
503 1036
504 1055
505 1051
506 1043
507 1055
508 1048
509 1030
510 1036
511 1040
512 1032
513 1016
514 1043
515 1028
516 1026
517 1034
518 1032
519 1056
520 1064
521 1039
522 1051
523 1050
524 1036
525 1042
526 1058
527 1030
528 1055
529 1032
530 1047
531 1037
532 1055
533 1044
534 1046
535 1032
536 1051
537 1012
538 1042
539 1069
540 1044
541 1054
542 1038
543 1047
544 1039
545 1046
546 1039
547 1041
548 1044
549 1046
550 1033
551 1046
552 1041
553 1042
554 1039
555 1031
556 1059
557 1039
558 1055
559 1058
560 1026
561 1034
562 1020
563 1048
564 1051
565 1027
566 1041
567 1044
568 1036
569 1054
570 1030
571 1041
572 1052
573 1054
574 1031
575 1023
576 1077
577 1038
578 1041
579 1032
580 1056
581 1053
582 1009
583 1057
584 1042
585 1050
586 1033
587 1019
588 1057
589 1047
590 1047
591 1047
592 1038
593 1037
594 1054
595 1064
596 1046
597 1055
598 1055
599 1025
600 1038
601 1037
602 1030
603 1036
604 1037
605 1005
606 1039
607 1027
608 1040
609 1037
610 1055
611 1054
612 1056
613 1010
614 1057
615 1042
616 1025
617 1034
618 1035
619 1057
620 1051
621 1047
622 1033
623 1034
624 1051
625 1022
626 1056
627 1043
628 1035
629 1046
630 1045
631 1050
632 1036
633 1038
634 1065
635 1033
636 1043
637 1030
638 1047
639 1051
640 1021
641 1032
642 1025
643 1056
644 1040
645 1009
646 1060
647 1063
648 1054
649 1028
650 1045
651 1030
652 1038
653 1045
654 1030
655 1031
656 1035
657 1045
658 1049
659 1019
660 1022
661 1032
662 1039
663 1055
664 1042
665 1069
666 1048
667 1036
668 1044
669 1043
670 1031
671 1052
672 1054
673 1060
674 1046
675 1044
676 1048
677 1045
678 1038
679 1075
680 1018
681 1044
682 1059
683 1053
684 1048
685 1061
686 1054
687 1030
688 1035
689 1034
690 1045
691 1059
692 1043
693 1048
694 1021
695 1035
696 1042
697 1050
698 1052
699 1055
700 1030
701 1047
702 1023
703 1050
704 1040
705 1031
706 1044
707 1042
708 1043
709 1046
710 1058
711 1052
712 1031
713 1012
714 1045
715 1049
716 1054
717 1040
718 1054
719 1047
720 1067
721 1037
722 1016
723 1059
724 1052
725 1080
726 1039
727 1032
728 1034
729 1038
730 1064
731 1042
732 1032
733 1079
734 1053
735 1046
736 1065
737 1058
738 1038
739 1049
740 1039
741 1041
742 1055
743 1007
744 1027
745 1044
746 1025
747 1040
748 1060
749 1036
750 1018
751 1049
752 1048
753 1048
754 1070
755 1019
756 1055
757 1050
758 1046
759 1031
760 1044
761 1056
762 1033
763 1043
764 1038
765 1048
766 1038
767 1047
768 1042
769 1055
770 1044
771 1061
772 1026
773 1045
774 1028
775 1034
776 1051
777 1031
778 1039
779 1060
780 1041
781 1056
782 1042
783 1046
784 1046
785 1043
786 1066
787 1033
788 1041
789 1053
790 1046
791 1057
792 1027
793 1047
794 1057
795 1017
796 1045
797 1060
798 1034
799 1063
800 1057
801 1043
802 1030
803 1063
804 1034
805 1043
806 1046
807 1037
808 1056
809 1059
810 1050
811 1043
812 1031
813 1012
814 1034
815 1045
816 1040
817 1038
818 1034
819 1033
820 1047
821 1042
822 1061
823 1037
824 1037
825 1050
826 1029
827 1053
828 1045
829 1039
830 1043
831 1049
832 1035
833 1051
834 1056
835 1034
836 1029
837 1034
838 1040
839 1056
840 1043
841 1045
842 1049
843 1036
844 1036
845 1030
846 1055
847 1051
848 1036
849 1072
850 1031
851 1050
852 1050
853 1044
854 1032
855 1056
856 1029
857 1045
858 1066
859 1050
860 1042
861 1033
862 1049
863 1029
864 1045
865 1011
866 1073
867 1039
868 1027
869 1055
870 1034
871 1071
872 1024
873 1066
874 1030
875 1027
876 1042
877 1066
878 1033
879 1021
880 1066
881 1051
882 1039
883 1023
884 1023
885 1035
886 1056
887 1038
888 1048
889 1038
890 1028
891 1034
892 1069
893 1048
894 1047
895 1052
896 1073
897 1023
898 1060
899 1032
900 1058
901 1047
902 1060
903 1018
904 1042
905 1041
906 1040
907 1028
908 1039
909 1061
910 1051
911 1046
912 1026
913 1070
914 1031
915 1044
916 1037
917 1045
918 1021
919 1044
920 1072
921 1029
922 1053
923 1051
924 1020
925 1044
926 1049
927 1049
928 1026
929 1078
930 1030
931 1045
932 1047
933 1025
934 1039
935 1037
936 1041
937 1030
938 1039
939 1030
940 1045
941 1025
942 1041
943 1044
944 1037
945 1047
946 1013
947 1041
948 1042
949 1029
950 1026
951 1039
952 1043
953 1043
954 1065
955 1043
956 1034
957 1050
958 1036
959 1021
960 1026
961 1019
962 1079
963 1058
964 1019
965 1025
966 1048
967 1038
968 1045
969 1044
970 1017
971 1016
972 1011
973 1041
974 1038
975 1045
976 1074
977 1032
978 1033
979 1023
980 1039
981 1019
982 1024
983 1051
984 1030
985 1036
986 1048
987 1058
988 1042
989 1029
990 1044
991 1048
992 1039
993 1041
994 1039
995 1044
996 1038
997 1030
998 1055
999 1042
1000 1044
1001 1053
1002 1039
1003 1054
1004 1019
1005 1040
1006 1029
1007 1032
1008 1051
1009 1024
1010 1022
1011 1065
1012 1030
1013 1066
1014 1026
1015 1029
1016 1063
1017 1031
1018 1067
1019 1033
1020 1063
1021 1048
1022 1042
1023 1054
1024 1057
1025 1046
1026 1054
1027 1035
1028 1059
1029 1051
1030 1047
1031 1033
1032 1054
1033 1054
1034 1038
1035 1040
1036 1059
1037 1027
1038 1041
1039 1061
1040 1034
1041 1026
1042 1044
1043 1027
1044 1035
1045 1049
1046 1049
1047 1032
1048 1036
1049 1054
1050 1033
1051 1061
1052 1056
1053 1046
1054 1021
1055 1053
1056 1043
1057 1038
1058 1025
1059 1001
1060 1057
1061 1034
1062 1045
1063 1039
1064 1009
1065 1049
1066 1021
1067 1045
1068 1042
1069 1051
1070 1037
1071 1039
1072 1061
1073 1049
1074 1046
1075 1027
1076 1044
1077 1037
1078 1033
1079 1055
1080 1044
1081 1062
1082 1047
1083 1039
1084 1040
1085 1034
1086 1047
1087 1052
1088 1054
1089 1032
1090 1043
1091 1038
1092 1048
1093 1053
1094 1066
1095 1056
1096 1037
1097 1042
1098 1033
1099 1063
1100 1034
1101 1031
1102 1045
1103 1039
1104 1044
1105 1055
1106 1074
1107 1065
1108 1024
1109 1040
1110 1040
1111 1031
1112 1067
1113 1056
1114 1040
1115 1050
1116 1080
1117 1036
1118 1056
1119 1036
1120 1053
1121 1062
1122 1040
1123 1046
1124 1066
1125 1061
1126 1051
1127 1078
1128 1049
1129 1077
1130 1059
1131 1050
1132 1085
1133 1059
1134 1075
1135 1088
1136 1055
1137 1061
1138 1080
1139 1100
1140 1086
1141 1108
1142 1097
1143 1114
1144 1136
1145 1127
1146 1136
1147 1177
1148 1229
1149 1200
1150 1240
1151 1330
1152 1337
1153 1419
1154 1560
1155 1696
1156 1829
1157 2033
1158 2416
1159 3238
1160 4540
1161 6491
1162 9815
1163 13344
1164 15137
1165 14872
1166 14364
1167 15362
1168 16826
1169 15641
1170 11122
1171 6484
1172 3529
1173 2195
1174 1637
1175 1407
1176 1282
1177 1261
1178 1206
1179 1169
1180 1148
1181 1119
1182 1109
1183 1099
1184 1133
1185 1104
1186 1106
1187 1087
1188 1104
1189 1087
1190 1086
1191 1093
1192 1096
1193 1102
1194 1068
1195 1049
1196 1057
1197 1038
1198 1105
1199 1076
1200 1069
1201 1055
1202 1069
1203 1069
1204 1064
1205 1095
1206 1062
1207 1065
1208 1097
1209 1070
1210 1084
1211 1085
1212 1069
1213 1085
1214 1083
1215 1072
1216 1077
1217 1129
1218 1127
1219 1170
1220 1204
1221 1269
1222 1435
1223 1630
1224 1925
1225 2152
1226 2223
1227 2242
1228 2231
1229 2405
1230 2350
1231 2164
1232 1829
1233 1484
1234 1259
1235 1185
1236 1122
1237 1065
1238 1076
1239 1070
1240 1039
1241 1075
1242 1057
1243 1050
1244 1045
1245 1050
1246 1060
1247 1063
1248 1049
1249 1047
1250 1039
1251 1066
1252 1064
1253 1047
1254 1048
1255 1062
1256 1047
1257 1060
1258 1050
1259 1046
1260 1045
1261 1036
1262 1038
1263 1039
1264 1039
1265 1041
1266 1050
1267 1043
1268 1046
1269 1042
1270 1027
1271 1043
1272 1060
1273 1039
1274 1059
1275 1044
1276 1038
1277 1038
1278 1044
1279 1036
1280 1064
1281 1061
1282 1041
1283 1050
1284 1020
1285 1066
1286 1027
1287 1059
1288 1049
1289 1056
1290 1051
1291 1032
1292 1044
1293 1041
1294 1038
1295 1028
1296 1080
1297 1024
1298 1073
1299 1065
1300 1028
1301 1046
1302 1058
1303 1045
1304 1037
1305 1042
1306 1053
1307 1047
1308 1049
1309 1063
1310 1055
1311 1039
1312 1044
1313 1033
1314 1020
1315 1046
1316 1042
1317 1036
1318 1045
1319 1034
1320 1049
1321 1033
1322 1036
1323 1047
1324 1027
1325 1061
1326 1035
1327 1052
1328 1044
1329 1058
1330 1031
1331 1038
1332 1056
1333 1022
1334 1059
1335 1026
1336 1043
1337 1026
1338 1039
1339 1044
1340 1055
1341 1016
1342 1025
1343 1044
1344 1058
1345 1062
1346 1038
1347 1041
1348 1028
1349 1019
1350 1013
1351 1037
1352 1031
1353 1054
1354 1054
1355 1061
1356 1033
1357 1046
1358 1041
1359 1045
1360 1021
1361 1043
1362 1041
1363 1079
1364 1029
1365 1051
1366 1046
1367 1035
1368 1054
1369 1047
1370 1030
1371 1033
1372 1048
1373 1013
1374 1040
1375 1039
1376 1031
1377 1054
1378 1055
1379 1036
1380 1076
1381 1044
1382 1043
1383 1026
1384 1036
1385 1022
1386 1042
1387 1030
1388 1057
1389 1026
1390 1037
1391 1041
1392 1033
1393 1063
1394 1027
1395 1039
1396 1065
1397 1043
1398 1054
1399 1050
1400 1040
1401 1015
1402 1062
1403 1047
1404 1027
1405 1018
1406 1040
1407 1029
1408 1040
1409 1050
1410 1047
1411 1028
1412 1043
1413 1036
1414 1059
1415 1030
1416 1026
1417 1054
1418 1062
1419 1036
1420 1065
1421 1051
1422 1047
1423 1025
1424 1036
1425 1035
1426 1036
1427 1036
1428 1023
1429 1018
1430 1050
1431 1066
1432 1034
1433 1048
1434 1045
1435 1035
1436 1047
1437 1041
1438 1046
1439 1049
1440 1060
1441 1042
1442 1019
1443 1029
1444 1039
1445 1020
1446 1023
1447 1032
1448 1037
1449 1036
1450 1048
1451 1034
1452 1030
1453 1037
1454 1076
1455 1042
1456 1039
1457 1057
1458 1031
1459 1052
1460 1065
1461 1062
1462 1041
1463 1036
1464 1014
1465 1069
1466 1049
1467 1031
1468 1050
1469 1035
1470 1037
1471 1039
1472 1048
1473 1047
1474 1054
1475 1037
1476 1034
1477 1040
1478 1030
1479 1069
1480 1037
1481 1055
1482 1016
1483 1057
1484 1017
1485 1033
1486 1040
1487 1068
1488 1041
1489 1033
1490 1027
1491 1050
1492 1026
1493 1033
1494 1039
1495 1026
1496 1029
1497 1049
1498 1033
1499 1050
1500 1027
1501 1055
1502 1065
1503 1033
1504 1073
1505 1040
1506 1054
1507 1041
1508 1037
1509 1041
1510 1032
1511 1033
1512 1043
1513 1063
1514 1011
1515 1034
1516 1029
1517 1064
1518 1044
1519 1034
1520 1047
1521 1023
1522 1054
1523 1054
1524 1027
1525 1058
1526 1034
1527 1045
